# Created by Octave 3.8.0, Tue Dec 13 00:04:29 2016 CET <albert@MacAlbert.local>
# name: A
# type: matrix
# rows: 100
# columns: 1

 -4.37018257683342
 4.299199128010144
 -3.17909121688258
 -2.463120235047733
 1.937582691758263
 3.648394049785667
 1.421537687513887
 3.102037049606775
 0.01888758346971287
 -3.832150583131298
 -1.599535859403258
 3.339544225281688
 -3.979263639890462
 1.907210748545619
 -1.564953219044081
 -3.110758996184015
 -1.766371852747291
 -0.1801817608047109
 -3.341715115232846
 -3.852400625436519
 2.324245022220923
 -4.288361395960738
 1.873688006139675
 1.718387728512754
 2.633062781414074
 -1.730424718490237
 0.6630556759629949
 -2.73637517322826
 2.541862043878744
 2.041695930540952
 -2.551035695498214
 -1.124015119290825
 2.952031231099763
 1.109810654880086
 4.545469105840777
 -4.479130614851783
 -1.789819516298274
 -0.5202755837292523
 1.430765161167708
 2.232292692643332
 -1.944846369774453
 -2.857666520163665
 -1.876065696590785
 -4.587192151334763
 4.657372886233782
 -1.981088303798928
 -0.1388480986846465
 0.3325175617520504
 -2.723511109511198
 -0.6809338757790844
 -2.861141486679115
 -2.766226901982069
 -3.253006283504143
 -0.4149563662486448
 -3.595548894684564
 -0.1355420879735911
 -4.781895247493227
 -3.966322840666365
 4.792637420800689
 3.380642739986671
 3.000677112255648
 4.078754433213271
 -2.140644340017084
 -3.968382042709528
 1.792492606872792
 -1.69100343722221
 1.048364195143718
 0.6506189938822864
 4.621703089406141
 -4.203372894713625
 2.707546827114482
 2.708929638629805
 2.438972647494904
 -1.271450547585636
 -4.505853523102263
 -0.5332859225531097
 2.937070854175186
 1.449948083739811
 -1.635105409683122
 -1.278102987889449
 -4.556456052152491
 -3.718348472122137
 1.970307945876667
 -0.1563321675957559
 4.283055073101554
 -4.57551211058835
 -4.722111666744127
 4.205265590706968
 1.001948046119521
 -3.522063185703847
 -1.390271635765447
 1.931064813657458
 -4.58270828555623
 3.463791063427605
 -0.5662085064334015
 -0.4514087389111507
 -2.663098940423127
 -3.786572126677311
 -4.020481018737294
 2.740703850005691


