# Created by Albert Sikkema, Mon Dec 12 22:22:16 2016 CET <albert@MacAlbert.local>
# name: phone
# type: matrix
# rows: 20
# columns: 1

 + 31 212797321
 038-1588225
 00 31 751 237 017
 046 0787216
 0596-79622
 +31 120043169
 00 31 080-5536391
 06 27 04 97 65
 0515 623 061
 + 31 513806044
 06-37106791
 467 623 2472
 044-9256990
 +3187-2248360
 00 31 315393122

 088-766 54 79
 0782772624
 +31880695102
 017-3991298
 018 34902142
